2020 01 01   15.05    5.82
2020 01 02   15.35    7.10
2020 01 03   17.33    4.95
2020 01 04   14.88    5.94
2020 01 05   13.22    4.87
2020 01 06   13.85    2.68
2020 01 07   13.38    3.16
2020 01 08   11.84    6.20
2020 01 09   11.96    4.58
2020 01 10   14.16    5.07
2020 01 11   12.18    4.36
2020 01 12   11.15    3.55
2020 01 13   12.50    6.08
2020 01 14   11.39    3.45
2020 01 15   10.43    3.70
2020 01 16   10.16    4.00
2020 01 17   11.78    3.87
2020 01 18   10.81    3.18
2020 01 19   12.24    3.27
2020 01 20   14.07    6.59
2020 01 21   14.72    6.25
2020 01 22   15.93    7.71
2020 01 23   13.92    6.82
2020 01 24   17.51    6.93
2020 01 25   19.14    8.95
2020 01 26   15.31    6.77
2020 01 27   15.50    5.97
2020 01 28   13.77    6.01
2020 01 29   15.09    6.23
2020 01 30   16.19    7.15
2020 01 31   19.17    7.52
2020 02 01   19.25    6.29
2020 02 02   11.61    3.62
2020 02 03   10.14    1.23
2020 02 04   10.68   -1.93
2020 02 05   14.68    2.83
2020 02 06   16.65    5.26
2020 02 07   18.11    5.65
2020 02 08   15.06    5.33
2020 02 09   14.85    3.93
2020 02 10   17.87    2.56
2020 02 11   18.40    4.72
2020 02 12   19.19    8.59
2020 02 13   15.19    5.65
2020 02 14   17.02    5.14
2020 02 15   18.55    5.85
2020 02 16   15.75    5.19
2020 02 17   18.53    5.50
2020 02 18   18.14    5.46
2020 02 19   18.22    4.98
2020 02 20   19.34    7.44
2020 02 21   20.50    6.19
2020 02 22   17.17    7.75
2020 02 23   15.00    7.82
2020 02 24   18.84    6.47
2020 02 25   21.38    5.27
2020 02 26   23.21    8.88
2020 02 27   24.19    7.89
2020 02 28   21.75    9.87
2020 02 29   14.66    6.21
2020 03 01   10.60    4.63
2020 03 02   18.04    3.39
2020 03 03   22.01    8.59
2020 03 04   24.34    8.90
2020 03 05   19.89    8.11
2020 03 06   16.80    8.81
2020 03 07   12.45    5.99
2020 03 08   15.04    5.41
2020 03 09   18.07    5.66
2020 03 10   19.96    8.22
2020 03 11   20.94    9.47
2020 03 12   22.92    8.42
2020 03 13   18.43    8.29
2020 03 14   14.00    7.95
2020 03 15   11.44    5.98
2020 03 16    9.85    3.50
2020 03 17   10.86    2.55
2020 03 18   12.75    4.63
2020 03 19   15.02    6.10
2020 03 20   16.31    5.14
2020 03 21   15.28    6.42
2020 03 22   15.80    7.27
2020 03 23   14.76    5.11
2020 03 24   14.17    4.99
2020 03 25   11.36    3.52
2020 03 26   11.65    3.10
2020 03 27   13.75    3.58
2020 03 28   12.70    6.47
2020 03 29   15.23    6.63
2020 03 30   18.14    5.62
2020 03 31   19.44    6.71
2020 04 01   16.22    5.15
2020 04 02   17.22    3.02
2020 04 03   16.44    4.11
2020 04 04   13.98    5.68
2020 04 05   11.07    6.81
2020 04 06   11.66    5.20
2020 04 07   17.19    3.69
2020 04 08   17.32    8.06
2020 04 09   16.30    9.24
2020 04 10   18.17    7.96
2020 04 11   18.51    8.92
2020 04 12   19.34    8.36
2020 04 13   20.65    7.89
2020 04 14   22.54    5.68
2020 04 15   24.39    8.57
2020 04 16   19.67    9.60
2020 04 17   16.79    8.62
2020 04 18   18.37    7.29
2020 04 19   19.39    6.78
2020 04 20   15.78    8.12
2020 04 21   19.50    8.11
2020 04 22   23.56    7.65
2020 04 23   24.43   10.25
2020 04 24   27.43    9.49
2020 04 25   26.92   11.69
2020 04 26   23.19   10.00
2020 04 27   23.94    9.16
2020 04 28   28.37   11.05
2020 04 29   19.31   10.56
2020 04 30   22.42    8.94
2020 05 01   23.31    7.10
2020 05 02   21.43    8.64
2020 05 03   21.03    7.40
2020 05 04   24.52    5.85
2020 05 05   24.63    6.97
2020 05 06   26.56    8.49
2020 05 07   30.25    8.82
2020 05 08   32.26   11.55
2020 05 09   25.99   10.12
2020 05 10   23.44    8.81
2020 05 11   22.94    8.19
2020 05 12   19.41    9.02
2020 05 13   20.34    8.84
2020 05 14   20.88    9.88
2020 05 15   22.80    9.99
2020 05 16   23.32   11.21
2020 05 17   21.73   12.80
2020 05 18   18.87    9.80
2020 05 19   19.19    9.87
2020 05 20   21.75   10.03
2020 05 21   25.85    8.42
2020 05 22   23.27    9.30
2020 05 23   26.15    7.72
2020 05 24   29.78    8.59
2020 05 25   34.04   14.12
2020 05 26   35.40   15.02
2020 05 27   34.05   14.96
2020 05 28   30.45   12.63
2020 05 29   26.84   12.97
2020 05 30   23.45   12.42
2020 05 31   22.94   11.60
2020 06 01   25.58   10.22
2020 06 02   33.32   13.25
2020 06 03   35.89   17.25
2020 06 04   33.86   13.59
2020 06 05   20.28   11.57
2020 06 06   20.66   10.68
2020 06 07   19.79    9.71
2020 06 08   25.94    8.33
2020 06 09   31.38    9.47
2020 06 10   32.73   11.42
2020 06 11   30.58   13.03
2020 06 12   22.04   11.47
2020 06 13   21.56   11.24
2020 06 14   26.80   11.55
2020 06 15   24.27   12.28
2020 06 16   23.53   10.89
2020 06 17   29.77   10.41
2020 06 18   32.16   12.33
2020 06 19   30.60   11.83
2020 06 20   26.25   11.13
2020 06 21   29.16   12.19
2020 06 22   32.48   11.71
2020 06 23   30.45   12.39
2020 06 24   30.02   12.20
2020 06 25   29.99   12.25
2020 06 26   31.16   12.87
2020 06 27   29.52   12.29
2020 06 28   20.98   11.97
2020 06 29   28.30    9.88
2020 06 30   31.41   11.48
2020 07 01   27.47   11.22
2020 07 02   26.42   11.14
2020 07 03   27.77    9.59
2020 07 04   32.15   10.08
2020 07 05   31.32   11.78
2020 07 06   23.36   11.01
2020 07 07   29.27   10.77
2020 07 08   31.82   10.40
2020 07 09   33.24   10.68
2020 07 10   32.32   12.24
2020 07 11   33.52   12.67
2020 07 12   34.01   12.37
2020 07 13   26.51   12.42
2020 07 14   27.50   12.29
2020 07 15   29.59   12.03
2020 07 16   28.44   12.15
2020 07 17   27.92   11.57
2020 07 18   31.82   12.10
2020 07 19   28.69   12.69
2020 07 20   27.92   12.06
2020 07 21   26.77   10.84
2020 07 22   26.52   11.31
2020 07 23   29.20   11.50
2020 07 24   25.86   12.19
2020 07 25   29.87   10.80
2020 07 26   31.16   12.04
2020 07 27   29.67   12.74
2020 07 28   29.91   12.25
2020 07 29   30.84   11.96
2020 07 30   30.46   12.36
2020 07 31   27.52   11.37
2020 08 01   28.39   10.74
2020 08 02   29.11   10.72
2020 08 03   31.60   11.65
2020 08 04   25.88   13.17
2020 08 05   22.06   13.28
2020 08 06   27.35   12.97
2020 08 07   29.47   11.94
2020 08 08   31.24   12.96
2020 08 09   33.73   13.56
2020 08 10   30.75   14.49
2020 08 11   29.31   12.74
2020 08 12   32.63   12.07
2020 08 13   33.27   14.99
2020 08 14   40.36   21.35
2020 08 15   39.79   19.94
2020 08 16   40.55   22.33
2020 08 17   38.83   20.45
2020 08 18   37.85   19.86
2020 08 19   36.58   18.64
2020 08 20   30.28   14.84
2020 08 21   31.85   14.04
2020 08 22   32.95   14.93
2020 08 23   31.94   15.31
2020 08 24   33.17   17.34
2020 08 25   30.52   15.01
2020 08 26   27.00   12.85
2020 08 27   28.39   12.23
2020 08 28   30.92   12.39
2020 08 29   28.23   12.15
2020 08 30   29.25   11.49
2020 08 31   29.12   11.95
2020 09 01   27.16   11.96
2020 09 02   26.93   11.62
2020 09 03   27.53   11.60
2020 09 04   28.71   11.75
2020 09 05   39.36   14.62
2020 09 06   43.05   22.03
2020 09 07   40.63   19.48
2020 09 08   33.76   14.90
2020 09 09   29.14   13.39
2020 09 10   27.89   14.12
2020 09 11   29.16   13.01
2020 09 12   31.55   13.07
2020 09 13   25.91   12.06
2020 09 14   27.93   10.45
2020 09 15   28.66   11.87
2020 09 16   29.85   13.27
2020 09 17   29.34   13.44
2020 09 18   26.48   13.42
2020 09 19   28.07   12.22
2020 09 20   32.77   13.39
2020 09 21   30.29   13.17
2020 09 22   27.95   12.48
2020 09 23   29.57   12.14
2020 09 24   28.06   13.50
2020 09 25   25.83   12.62
2020 09 26   30.09   12.79
2020 09 27   34.54   14.43
2020 09 28   36.33   19.57
2020 09 29   33.05   15.69
2020 09 30   36.78   13.84
2020 10 01   34.84   17.60
2020 10 02   36.12   17.42
2020 10 03   34.29   15.55
2020 10 04   33.33   13.36
2020 10 05   33.73   15.48
2020 10 06   32.08   14.61
2020 10 07   24.70   11.81
2020 10 08   21.48   12.01
2020 10 09   23.92   11.51
2020 10 10   22.58   12.59
2020 10 11   27.22   10.91
2020 10 12   31.41   12.09
2020 10 13   32.43   14.11
2020 10 14   32.91   15.66
2020 10 15   34.57   14.16
2020 10 16   34.22   15.99
2020 10 17   35.29   16.96
2020 10 18   32.78   13.23
2020 10 19   30.57   12.25
2020 10 20   30.91   12.11
2020 10 21   30.70   13.38
2020 10 22   26.45   10.84
2020 10 23   23.83    9.35
2020 10 24   22.32    9.81
2020 10 25   21.22   10.18
2020 10 26   23.35    7.21
2020 10 27   25.00    8.09
2020 10 28   25.98   10.21
2020 10 29   26.58   10.88
2020 10 30   25.77    9.29
2020 10 31   28.45   10.79
2020 11 01   29.63   12.28
2020 11 02   30.51   12.45
2020 11 03   24.24    9.75
2020 11 04   26.14    9.52
2020 11 05   29.90   11.85
2020 11 06   15.64    9.64
2020 11 07   16.09    6.75
2020 11 08   13.26    3.92
2020 11 09   13.94    1.76
2020 11 10   17.32    4.93
2020 11 11   13.91    7.14
2020 11 12   19.04    5.12
2020 11 13   16.93    5.64
2020 11 14   17.61    6.44
2020 11 15   21.32    6.28
2020 11 16   25.48    7.33
2020 11 17   16.88   10.95
2020 11 18   17.17    8.46
2020 11 19   16.62    6.28
2020 11 20   15.98    4.83
2020 11 21   16.98    3.16
2020 11 22   17.94    4.48
2020 11 23   16.20    6.81
2020 11 24   18.23    5.17
2020 11 25   15.64    5.85
2020 11 26   16.30    3.65
2020 11 27   17.74    4.55
2020 11 28   18.24    4.61
2020 11 29   18.66    5.17
2020 11 30   18.13    4.44
2020 12 01   18.32    3.53
2020 12 02   18.53    4.68
2020 12 03   19.96    7.14
2020 12 04   19.97    5.37
2020 12 05   19.40    7.45
2020 12 06   15.48    5.82
2020 12 07   20.77    4.45
2020 12 08   22.52    7.65
2020 12 09   18.54    7.48
2020 12 10   18.21    6.49
2020 12 11   13.90    5.31
2020 12 12   15.23    6.49
2020 12 13   13.40    7.10
2020 12 14   13.18    4.74
2020 12 15   14.98    4.99
2020 12 16   17.26    4.66
2020 12 17   13.37    4.25
2020 12 18   15.18    2.06
2020 12 19   16.30    3.03
2020 12 20   16.08    1.59
2020 12 21   16.70    2.23
2020 12 22   13.38    3.56
2020 12 23   15.12   -0.11
2020 12 24   15.94    4.72
2020 12 25   17.13    6.83
2020 12 26   13.01    6.04
2020 12 27   14.22    5.13
2020 12 28   12.85    4.77
2020 12 29   15.53    2.76
2020 12 30   14.58    4.05
2020 12 31   14.34    5.21
